$ANSIBLE_VAULT;1.1;AES256
37336632653833396637396233653736636433326561623835343461623330303764366337626564
3563373931373431656365393362363062623133336639310a323766366561386533663134336430
62303037616265613061666666393238306261326330336430393138343163313463313536303935
6137373737613835660a393261366435383631353163363363383665323633646466616636343939
32363164336631666230336535663839376332656337613331646461376666643934323639336363
30613833653963386338353265313465376164633838373232653137313838303836323333653036
33623935383161313065393036363661316665613234343839626637626662633266346335333034
34393635343734383636323163343364396135656634323765663762616562303263356364666438
32643338613539383561336466623134626136373033376530376432613134383930373937343337
38303734626630383863393837313435393037353635383763656665623561613238316636336534
64616264363161623464356565366537323937333461386237623765353535366439316566653264
66353763323631303534346235396261616563666462376562663738336664633434643562393466
36326164646336313337666431393235386663623866663131633430323637373431313061366237
66346138323862376161333933396364353564373137623032613535313430636461396439353564
30303266326364346136646438356262666435323032613030313731626461316131323265633364
61353630313335663330623133373962656361613864666231636339623932376230373863623730
31623863323936376465616132663635353362653063393430623439393865383765383138376335
62646137326364393262363162623561663563636134383732393438333035646163646539356165
63373434303733663630383631613462636163643032326535353866656235356439393866626632
33343337373164363766313937316338626337383264383238616531383334396534633362626231
64353166636634303037633562353161626230336662386663316162363933336465333836313837
34326262383233643733353934383165656533306533333035333839643234333963323465396535
64376430626265306232646434323762306331383738393763313861626237363365303638653133
30613638633065303432323237643637316466323031306164326230363037643034333033326637
39613038313731646430386237346261623836366134396335636430393531303739616165343664
34643635383434336133636536303239636162396636656531363430663936353830653964326632
63643561373931636433653238373636633036393136366633336462663061356362363335316638
62393162633961616234366531356239326534383033383631626664373566383636393661393437
61626432373838653065396232376235316335346261623732666533646237623532373230303332
64353731313762333164613937316336653038613665363762616263343438376163663731373936
39616337653238346237313533643266386263306164613532653664363537633961633863373439
39643135343437623438326663373664353633303935356332363932633861653965383932613032
61393438396332393862316537656664393066316632346365353730633838303761316465303937
34636533626139653539333633313962633831353661303834333463353163333663313733303930
34353863396663356134323165633463623164383830323065323463616531343036623162386433
38623530643366343532373161616631323032313465643634393236356662656562383632653361
33306561356439633832623363386538363531353465326431383238656165643731303035393066
62383362386563633332636135353230316163646432656663663831326165373562666437646234
31663632346361303337333835646430343835323232613738383632323332346635646232623239
37636134323431303338616134646438376531353563303766333865343437373664663833663565
31313564313939343530366439386534336164363735333565636365656133623265636362623431
65303639643861653261356537356564643932653832313038386337613532636334663032653661
38323238613132353335626132333933353661346339316261366635306330356338663766663865
35303435633039373439616530333437333766623934333765326438623335336438366630646661
30366662363931633139616431363134303764393664663764363531393562303362333439633538
66636366353063363561306561393263613864346433326638313763626432353936356261653862
34353264313761663037306538663632633666376262363464393632626464356561613339643862
33646632313762353134363830623964633239646465636461653063663236653737633663336236
63623866333433386232346232306430626566303834653832626664653939646338633839393537
30343464383033633537326663666136316134393432316566653037303134356133643562356432
36633265316166633539316531363139386662363239393833343861363939653033616465333832
63396561333639626666356634633539323262643666363366316437323736303638336662386463
38626365383263663964363166346164306337363066633638356165383535393264633337323136
66386236653930383532666237353966633235386534613664383635633134376363643439623630
61633732383034643063333530636239656638333333636461343532653839626564316636346137
39356466383162363430653030653532623035313165643332346632343635356635333964663131
65363436653666653061363036306533376565646338343261323365646434393036373962653333
34303465323466383162343335333366633138363037386632333437333430643734636265356564
66373037653136333463313365363065653166376233613631386432333630643166653233363333
62633964326337663439366534376135303864376436303336616638336565353564643363633233
61316365373536613962393063616633383338303464383438653839306536313335323937333663
31633435623533303434373532376434653237383533656437626331343939373566616661393031
30373133393563366364393833373034303137393063626534336533396432383764666461323039
62363262393939366435323035306365333761353533613564323663656530646165353763386163
34303861356233323332323561636264646530383563613733336562666333656336663232373263
32656533346337663263353734626533393639353363376338383830376435643537323535373963
38313030373233613963343863616434323937646332393131393739653663386231613735336236
34323038383736393066323635663765303361666434646465393739393165656438633638613161
61373562643664353533363334646237346562306333653738613066623132386639633864646162
39366536656337373362646564373766346466323632383437623432616164616531313735653933
34313330306430623435326561333238623235366562663539383565313761376464316539316365
37396266396264303736383164363665393635353238643334616239623632663336646239336330
62333035373366323438306236336638393866313861393363356537653738663737383638376366
35643133346161303039366266323065396337613035376636366434653265363534323530646564
35653938363366666261643730383837376261343939613962363964373437393438646435363936
37653361656564353536353437643564313363623064356536393564376430623864643965326362
63386137333465376566636439333236303632353764613534376330353863656634326439613032
66336439633833303738303064323136653732306362343262616432366535636234353462333164
63623862386537633034373537616462666438383266343938373638643265303734653831376130
63373564613832326162653338643031663131646130303662633134613666346362636661616136
38333333636566376165363033356637363332333432663837366630313237366638336439663134
33303532373931663961353132643531363632643163313136656465663263616536303431616232
62323530663038346630313764656462393564373639656566613234303634633662386264663237
35373230363931306639643539306536373066353364313039643533613536363834376137373137
36363037653762613333356538303532626364646432626264633539363734633535323230303335
35313133613465613966346136383135663336333239333964326465376362326336623931363430
63396364353461383538616238306130636566313363303334326264643737613261343638313530
63616562303137323433633533646331663734366261636536626437613362306638376266636132
38386136386263643937613131373862653733396131633735353237396463313237646533653961
38316561366361303231646134646334656664376631303063346265396430646361303731646362
34323662663835663766613938623730316534353339343862306538633864363061643537383335
61326562376637623531346161653765343438363231316232353133383363393833623361663533
30656336616436343230396561396363346362333739393933333463633661333736653331346333
31636164363037353831303637313937343731323566633464643862653465303634313763376261
64633832666162666635383730303632633331653632616463353830356136636665336334353935
39343561326431373435613637373636333435663137356634333464303162303633663661656137
39623161383630623738363662663666346337313364336165386465383761656336393733363638
33343231316665613234613530666430383666313562303835346638643063633630663463303065
65623530306538373963343132393634633037393439383164393737623161393239303265373033
61613865343661383932383636316334313136383961643939373962356662623939366637643665
36636635323361633737356663303430306462316462663033616662303934623565633432386363
31613039343763386532633230666236633634323832383738393034323639363431623231633365
37643164626638666363383139376265643162303061346435633431623864316239626563653235
33383235383736366339623438356337353034373661633130363031303738623133653561636364
36653739636232323834356137343966373365313330666661643734353933326637646136333762
32313734343336393763366466373965363339663731663138623030323664626438353264366130
39643061306635623663343365643165386637393935343865346630636232366561616334386562
30303966303330393865326265343137633933346638656232303836323030303866363065323638
61376265616466636137613637393862383433336336653464393830363762306430306239323338
31343361383835383731313862376663653431386636353163653739383136306638633538356435
66396439356465373530366534396237323961616237653230373438663164376162376531633031
65343136653934373237313065393935616131346539376161323230316233356266326134316637
34306335373632623239383339316335316435616639383235343063616630636537623934393263
61646134363565656662643561303832373064613466386639633739646661623137316139613339
33353363653838383736376361383532366333303138386535303333323833366162333937316532
34663564336165376139616163643463363536643937333634623639656662333639303839386361
37353433653331653463393164373232383566353539643031623833333936323135333466343936
37643964316265303139653238333762633836366435396266393535303561333739616137363563
61393035353733623536333662313332636331613661386135643832663130656435366439643436
39393933323064666661666138616338333437363532393331653364356238353965323734316530
62343131653661633536323533663961633935376635643962646237393562303461643166356666
39643362656161326635383032643665616465653363333330323834383365626631643533316266
63303666623332396363666335363537623433616264653038393465323336643235313133353937
30343134623432356137353064613837663062306432663936353832373034393930366138343831
39646236623839623262383066366339376431396633613861303266383931333766643262313034
32643939396337613336613833393062656562336464373161336663306135323061343561663835
39373531633034343237653131306165656563653362303361396166333930396537373137376439
30663239303662326634613437313438666634626536633032353136343132386239656530376461
31323235653162643765656438353930333034333462323431653431333535623234366265343338
65323530373932326630326438386262653439613263626234616261326132663330326639316334
62633934353666353339643235303437346232333433316635323539333331386464313832323934
33633131343762656537616163623663303661626564653836633032633564336132633330366232
31343930633238653036366331626463633638336432376563323464323734623032336130336135
31616164613338666332613137316263323031303966376337646431313134386237396365323662
38653362653862663564656565383336613037393134663234613865636364623136323732646161
35316566316466646334316262386665633536323162346365353838346635313732343433353732
63663864633162656264653165373961643838306266393332323961663331333164303937333237
64626336616361303962666531316237393833306330303065653236643164323664336637313234
65613231316539313266313963393039636532303665646132343637343034626264366539646132
33656530303864353630306332613665623463646335343962353539323637313564393138613465
32303331323030303561386631356266303863643939323131333033616539393066313535323930
66343863393461343631653230633565353864653562376563396664333065623061333735386161
39623733303066643136353037633164303632646339346564336132383836316362323463393432
66646564633265623739626164663538393839313764643036343730323434656365316538356638
32663138326538336133353763363831643564393537326161393539373732663236
